1005
1037
1065
1094
1097
1111
1159
1161
1171
1177
118
1225
1259
126
1385
1406
1408
1424
1425
1456
1462
1480
149
1499
1584
1588
1590
1597
1610
1635
1645
1660
1662
1665
1667
1687
1718
1731
1758
1772
1781
1790
1796
1799
1887
1944
1945
2086
2175
2183
2184
2233
2307
2308
2319
2320
2338
2339
2340
2341
2408
2502
2515
2567
2826
2852
2881
293
2935
2946
3009
3084
3088
3104
3137
3227
3254
3302
3364
3371
3533
3549
3552
3577
3599
3660
3677
3680
3681
3703
3707
3715
3734
3778
3779
3818
3819
3827
3840
386
3984
4110
4111
4114
4124
4125
4126
4128
4129
4134
4135
4138
4139
4172
418
4181
4227
4240
4302
4308
4360
4367
4369
4421
4431
4435
4441
445
4508
4525
4570
4607
465
4654
4655
469
47
4714
4715
4716
4717
4718
4719
4720
475
4754
4773
4775
489
561
626
639
649
690
691
746
755
761
787
807
816
845
858
859
906
