1005-main-C1-[5, 12, 4, 13]
1065-sys_mknod-C1-[36, 41, 37, 40, 39, 42]
1111-doit-C1-[15]
1161-main-C1-[18]
1171-main-C1-[19, 18]
1177-simulator_kernel-C1-[80, 83, 81]
118-bar-C1-[99, 96, 98, 97, 101, 100]
126-foo-C1-[9, 10, 8, 7, 6]
1385-main-C1-[14, 13]
1406-main-C1-[9, 8]
1408-main-C1-[12, 22, 13]
1456-mymemcmp3-C1-[135]
1462-main-C1-[17, 18, 20]
1480-main-C1-[30, 29, 28]
1584-main-C1-[17, 16, 18]
1590-f1-C1-[14]
1597-f-C1-[26, 27]
1645-foo-C1-[17]
1665-bar-C1-[15]
1667-main-C1-[21]
1731-foo-C1-[12, 11, 15, 10, 17, 16, 14, 13]
1796-test-C1-[16]
1887-f1i-C1-[9, 7, 8]
1945-main-C1-[29, 28]
2086-main-C1-[8, 22, 13, 9, 26, 31, 11, 21, 33, 7, 30, 24, 28, 27, 25, 6, 32, 10, 20, 23, 29]
2233-main-C1-[14, 13]
2307-foo-C1-[19]
2308-foo-C1-[10, 23, 22]
2319-foo-C1-[19]
2320-foo-C1-[26, 25, 13]
2338-duffcpy-C1-[27, 21, 25, 23, 19]
2339-cksum-C1-[36, 30, 31, 28, 34, 27, 37, 33]
2340-duffcpy-C1-[36, 26, 30, 24, 32, 28, 34, 37, 22]
2341-cksum-C1-[36, 26, 30, 32, 35, 27, 37, 33, 29]
2826-foo-C1-[11]
2852-byteswap64-C1-[12]
3009-bar-C1-[34]
3084-execute-C1-[18]
3104-main-C1-[14, 13]
3137-main-C1-[46]
3254-main-C1-[17, 16]
3364-f2-C1-[85, 86, 90, 83]
3599-f-C1-[25]
3660-main-C1-[10, 9]
3677-main-C1-[20]
3680-execute-C1-[17]
3681-main-C1-[15, 16]
3707-simulator_kernel-C1-[85, 83, 82]
3715-main-C1-[20]
3734-main-C1-[15, 19, 17]
3984-main-C1-[15, 16]
4111-doit-C1-[26, 24, 15, 17, 14, 16, 25, 19]
4124-doit-C1-[26, 15, 17, 27, 18, 16, 20, 25]
4129-bar-C1-[21, 26, 19, 27]
4135-doit-C1-[8]
4138-main-C1-[12]
4139-main-C1-[19, 20]
4172-f-C1-[33, 32]
4181-do_test1-C1-[46, 44]
4302-foo-C1-[26]
4367-execute-C1-[19]
4369-execute-C1-[19]
4435-f-C1-[14, 19, 16, 13]
4441-main-C1-[20, 22]
445-main-C1-[15, 16]
4570-bar-C1-[36, 48, 45, 46, 44, 42, 26, 31, 47, 49, 33, 43, 30, 41, 28, 38, 34, 35, 27, 37, 39, 32, 40, 29]
465-do_isofs_readdir-C1-[54, 34, 33, 35]
4654-foo-C1-[23, 20, 22]
469-create_array_type-C1-[48]
4714-bar-C1-[21, 23, 22, 20]
4715-bar-C1-[21, 23, 22, 20]
4716-bar-C1-[21, 23, 24, 22]
4717-bar-C1-[21, 23, 24, 22]
4718-bar-C1-[21, 23, 24, 22]
4719-bar-C1-[21, 23, 24, 22]
4720-bar-C1-[21, 23, 24, 22]
4773-main-C1-[27, 31, 29, 28]
4775-g-C1-[99, 105, 108, 106, 104, 98, 107, 103, 97, 101, 100, 102]
489-test-C1-[26, 27, 29, 28]
626-foo-C1-[10, 17, 18, 14, 13]
639-f1-C1-[36, 30, 31, 41, 56, 34, 35, 28, 50, 44, 40, 33, 42, 43, 29]
649-bar-C1-[15, 17, 16, 14]
690-g-C1-[26, 30, 41, 28, 34, 32, 27, 33, 42, 23, 43, 22, 29]
746-foo-C1-[10, 11]
755-main-C1-[45, 44]
761-bar-C1-[48, 36, 45, 46, 44, 42, 31, 47, 50, 49, 33, 43, 30, 41, 28, 38, 35, 34, 27, 37, 39, 32, 40, 29]
845-main-C1-[11]
858-x-C1-[9, 4, 6, 8]
859-x-C1-[5, 6, 7, 4]
