3552
3705
3707
3734
3778
3779
3840
3976
4110
4111
4124
4125
4126
4129
4132
4134
4139
4152
4154
4177
4181
4240
4279
4322
4360
4390
4418
4431
4435
4494
4519
4520
4525
4570
4595
461
4649
4654
4655
4714
4715
4716
4717
4718
4719
4720
4773
494
509
544
558
563
586
609
617
634
649
690
718
761
763
787
788
816
858
859
865
9
906
1075
1107
1151
1153
1154
1155
1171
1173
1174
1176
1177
118
1193
1248
126
1294
1335
1349
1407
1429
1456
1518
1588
1628
1633
1674
1731
1772
1821
1918
1928
1929
1930
1932
1945
1996
1998
2018
2023
2025
2053
2058
2060
2078
2091
2118
2119
2120
2121
2127
2192
2223
2229
2247
2266
2338
2339
2340
2341
2352
2353
2354
2355
2360
2376
2421
2426
2502
2517
2611
2745
2746
2763
2769
2826
2832
2854
2881
2905
2941
3002
3010
3089
3112
3113
3148
3150
3171
3243
3302
3374
3394
3416
3429
3444
3450
3459
3481
