3705-foo-C1-[19, 20, 22]
3707-simulator_kernel-C1-[79, 77, 78, 76, 102]
3779-check-C1-[23, 24, 22, 25]
3976-foo-C1-[15, 17, 16]
4111-doit-C1-[26, 24, 15, 17, 14, 16, 25, 19]
4124-doit-C1-[26, 15, 17, 27, 18, 16, 20, 25]
4129-bar-C1-[21, 26, 19, 27]
4570-bar-C1-[36, 48, 45, 46, 44, 42, 26, 31, 47, 49, 33, 43, 30, 41, 28, 38, 34, 35, 27, 37, 39, 32, 40, 29]
4654-foo-C1-[23, 20, 22]
4714-bar-C1-[24, 21, 20, 23, 22]
4715-bar-C1-[24, 21, 20, 23, 22]
4716-bar-C1-[24, 21, 25, 23, 22]
4717-bar-C1-[24, 21, 25, 23, 22]
4718-bar-C1-[24, 21, 25, 23, 22]
4719-bar-C1-[24, 21, 25, 23, 22]
4720-bar-C1-[24, 21, 25, 23, 22]
509-foo-C1-[21, 17, 20]
617-RenderBox_setStyle-C1-[99, 108, 98, 107, 113, 101, 111, 100]
649-bar-C1-[15, 17, 18, 16, 14]
690-g-C1-[26, 30, 41, 28, 34, 32, 27, 33, 42, 23, 43, 22, 29]
761-bar-C1-[48, 36, 45, 46, 44, 42, 31, 47, 50, 49, 33, 43, 30, 41, 28, 38, 35, 34, 27, 37, 39, 32, 40, 29]
763-h-C1-[17, 18]
787-bmp_iter_set-C1-[114, 115]
788-bmp_iter_set-C1-[101, 100]
858-x-C1-[9, 4, 6, 8]
859-x-C1-[5, 6, 7, 4]
865-bugger-C1-[15, 14, 16]
1177-simulator_kernel-C1-[77, 74, 76, 75, 100]
1294-main-C1-[17, 16]
1349-setup2-C1-[77, 75, 76]
1456-mymemcmp3-C1-[122, 126, 120, 124, 119, 123, 125, 121]
1518-check-C1-[27, 29, 28]
1731-foo-C1-[12, 11, 15, 10, 17, 16, 14, 13]
1821-bar-C1-[40, 41]
2023-main-C1-[56, 55]
2025-foo-C1-[30, 29]
2058-main-C1-[12, 11]
2060-main-C1-[7, 6]
2091-main-C1-[17, 18]
2338-duffcpy-C1-[23, 27, 25]
2339-cksum-C1-[36, 30, 31, 28, 34, 27, 37, 33]
2340-duffcpy-C1-[36, 26, 30, 24, 32, 28, 34, 37, 22]
2341-cksum-C1-[36, 26, 30, 32, 35, 27, 37, 33, 29]
2352-main-C1-[15, 14]
2353-main-C1-[15, 14]
2354-main-C1-[17, 16]
2355-main-C1-[21, 20]
2611-bar-C1-[23, 24]
2763-main-C1-[20, 22]
2881-test_goto2-C1-[9]
3450-bar-C1-[14, 13]
3459-fn3-C1-[29, 28]
