3;8;3;9;main_83505
2;5;2;5;main_83616
3;7;3;7;main_83617
2;6;2;7;main_83813
2;3;2;3;main_85179
3;10;3;10;c_85188
1;3;1;5;main_85201
4;7;4;7;main_85217
3;6;4;7;main_85225
1;1;1;1;main_85276
4;8;4;7;doit_85332
1;1;5;5;special_format_85336
1;1;1;1;foo1_85370
1;3;1;3;main_88913
3;6;3;6;main_88914
7;8;7;8;foo_88930
2;12;3;11;foo_89467
3;7;3;7;main_89468
2;10;2;10;main_89469
3;7;3;7;foo_89470
2;5;3;6;clear_modes_89673
3;5;4;6;foo_90023
2;5;2;5;fn3_90054
3;7;3;7;main_90057
4;4;5;5;main_90091
4;11;4;14;f4_90104
3;4;4;5;main_90425
